7000
2430
513
2086
544
70
607
6566
2086
369
10082
2101
1352
320
371
88
779
389
517
4094
465
464
113
1433
3632
25
106
2
1812
5061
443
8021
6003
4899
9
2432
538
6002
9098
989
143
2607
164
775
2104
993
3389
3689
4949
706
5672
995
4460
369
104
1
10050
4373
4
646
2103
2121
60179
49
9101
500
21
6005
5222
21
1
1127
1434
1524
427
17003
10081
6000
1194
346
1813
15
548
10080
5308
2601
636
5353
7001
5680
754
6514
24554
512
13
7
992
6446
37
69
514
6697
3306
111
871
873
10051
17001
2431
2135
3493
5061
2602
7009
135
2433
13
1701
6667
587
1646
518
8080
4691
49
22273
17
10809
515
636
3050
4353
68
5666
8088
1210
6347
6347
7007
623
1646
174
444
161
102
9673
7000
162
563
2792
5060
512
5060
1178
3205
60177
2431
2606
6
6346
7008
161
554
6004
6379
5671
5667
2603
2433
179
27374
7003
19
119
2432
8990
17500
1080
6696
513
9
22
520
3205
1314
783
1099
17004
5269
750
1649
2605
853
209
5555
11
3130
30865
7100
80
655
138
853
163
6445
6006
777
2102
2811
2947
7004
4557
79
3690
11371
345
7002
1093
1313
19
370
370
22125
514
2600
10083
4559
210
88
389
177
9418
547
2628
538
646
2049
23
4369
37
164
751
749
628
319
2430
8140
445
10000
2583
427
443
1645
9102
7005
6001
4569
6007
53
17002
53
3260
1194
27374
8081
4031
2119
43
7
9103
4190
6444
123
163
110
750
1094
2583
487
67
5672
540
2401
464
213
199
752
3493
1677
2000
9667
1812
22128
546
2049
1645
137
5556
2604
554
990
543
162
631
111
2608
11112
751
20
2101
4500
6346
5432
139
1813
655
57000
1236
